tree
version=v4
num_class=1
num_tree_per_iteration=1
label_index=0
max_feature_idx=37
objective=lambdarank
feature_names=Column_0 Column_1 Column_2 Column_3 Column_4 Column_5 Column_6 Column_7 Column_8 Column_9 Column_10 Column_11 Column_12 Column_13 Column_14 Column_15 Column_16 Column_17 Column_18 Column_19 Column_20 Column_21 Column_22 Column_23 Column_24 Column_25 Column_26 Column_27 Column_28 Column_29 Column_30 Column_31 Column_32 Column_33 Column_34 Column_35 Column_36 Column_37
feature_infos=[0:0.94422614574432373] [0:0.54648017883300781] none [0:1] [0:1] none [0:1] [0:1] none [0:1] [0:1] none [1:2] none [0:1] none none [0:1] [0:1] [0:1] [1.3143958312866744e-05:0.48603489995002747] [9.8816199169959873e-06:0.41930884122848511] none [0:1] [0:1] [5:25] [0:1] [0:1] [0:1] [0:1] [0:1] [0:1] [0:1] [0:1] [0:1] [0:2] [0:0.28358209133148193] [0.69314718246459961:7.6009025573730469]
tree_sizes=1759 1761 1761 1771 1763 1760 1763 1766 1754 1754 1756 1765 1772 1767 1754 1763 1759 1765 1758 1767 1760 1647 1750 1653 1757 1759 1768 1762 1763 1764 1766 1765 1767

Tree=0
num_leaves=15
num_cat=0
split_feature=24 24 24 35 28 6 26 28 23 28 0 6 23 23
split_gain=5805.58 45.5068 45.1671 20.1771 11.2965 11.0514 10.5253 50.138 12.7383 8.29841 12.5885 4.02327 7.29412 2.19248
threshold=0.074175827205181136 0.13392857462167743 0.054093567654490478 1.5000000000000002 0.70833334326744091 0.75000000000000011 1.0000000180025095e-35 0.70833334326744091 0.24641216546297076 0.70833334326744091 0.71973639726638805 0.064583335071802153 0.8331505060195924 0.36085556447505956
decision_type=2 2 2 2 2 2 2 2 2 2 2 2 2 2
left_child=2 6 3 5 -5 -1 8 -8 -2 10 -4 12 -3 -13
right_child=1 11 9 4 -6 -7 7 -9 -10 -11 -12 13 -14 -15
leaf_value=-0.059175611323451498 -0.022203637947457059 0.040990790768486877 -0.00075829152408559862 -0.042025623550507381 0.032129642729582422 0.026534124516778661 -0.035851260782188643 0.052579109662298201 0.044459087973564397 0.032883290154178658 -0.050268734442731562 0.033031575570972922 -0.030173800721990406 0.058336943117621255
leaf_weight=772.34426056039229 2.2297671986743834 3.3609397176187477 12.019245506031444 2.3380851997062555 3.1451574051752687 0.83229842130094667 9.995822288969066 11.2103257648414 28.784350543515757 2.1873350716195992 6.5416813255869775 7.4453008542768648 1.0116542319301514 755.09870286719524
leaf_count=124038 412 37 1449 241 75 2 1110 78 1100 53 748 385 108 2620
internal_value=-1.57855e-09 0.0560952 -0.0574779 -0.058643 -0.00109555 -0.0590492 0.0281898 0.0111588 0.0391225 -0.0130665 -0.0198857 0.0579562 0.0219743 0.0581335
internal_weight=1618.54 819.137 799.408 778.66 5.48324 773.177 52.2203 21.2061 31.0141 20.7483 18.5609 766.917 4.37259 762.544
internal_count=132456 5850 126606 124356 316 124040 2700 1188 1512 2250 2197 3150 145 3005
is_linear=0
shrinkage=0.03


Tree=1
num_leaves=15
num_cat=0
split_feature=24 34 24 28 25 35 23 34 31 37 3 34 34 23
split_gain=5805.73 533.264 295.107 285.556 301.563 141.761 63.4024 49.6259 72.6762 28.1336 27.7767 17.296 14.8539 4.05768
threshold=0.087121214717626586 1.0000000180025095e-35 0.031754031777381904 0.70833334326744091 19.500000000000004 1.5000000000000002 0.45591372251510626 1.0000000180025095e-35 0.22474747896194461 4.1026091575622567 0.3006111234426499 0.21825397014617923 0.40588235855102545 0.54711061716079723
decision_type=2 2 2 2 2 2 2 2 2 2 2 2 2 2
left_child=2 3 5 4 -2 12 11 8 -4 -7 -9 -3 -1 -8
right_child=1 6 7 -5 -6 9 13 10 -10 -11 -12 -13 -14 -15
leaf_value=-0.055912155315230194 0.021311050122859967 -0.0010918756448325658 -0.0030160208605605524 0.054011971625606066 -0.05815863300024772 -0.043884040203016804 0.040209610331247536 -0.028310786964682196 -0.05452072545977929 0.045617344601869433 0.029380610776707786 0.038818562544192158 0.025793285046463877 0.05525444667228252
leaf_weight=993.9402000005357 87.966237196465954 23.472382220905274 74.205680086277425 70.929280731827021 82.307294227182865 3.112602014094592 29.331965467892587 8.66807525558397 36.022492929361761 14.647589115425944 34.535915431100875 15.679720612242816 1.4740354283712793 971.42317415797152
leaf_count=118173 1241 473 4390 78 1402 199 194 796 3061 100 753 139 34 1423
internal_value=-7.51366e-10 0.0440735 -0.0483956 0.0038644 -0.0172185 -0.054263 0.0533872 -0.00955085 -0.0201866 0.0284285 0.0174273 0.0154603 -0.0557654 0.0548541
internal_weight=2447.72 1281.11 1166.61 241.203 170.274 1013.17 1039.91 153.432 110.228 17.7602 43.204 39.1521 995.414 1000.76
internal_count=132456 4950 127506 2721 2643 118506 2229 9000 7451 299 1549 612 118207 1617
is_linear=0
shrinkage=0.03


Tree=2
num_leaves=15
num_cat=0
split_feature=6 28 6 31 28 35 6 30 37 0 23 36 17 23
split_gain=5636.74 268.17 204.076 115.719 78.839 162.353 28.6516 27.2996 24.168 14.6782 13.9053 7.65981 7.43002 7.38982
threshold=0.060661764815449722 0.70833334326744091 0.18333333730697635 0.28174604475498205 0.70833334326744091 1.0000000180025095e-35 0.037749288603663451 1.0000000180025095e-35 3.5694335699081425 0.75059551000595104 0.45591372251510626 0.15686944127082827 0.14313399791717532 0.29786166548728948
decision_type=2 2 2 2 2 2 2 2 2 2 2 2 2 2
left_child=1 6 4 -3 5 -2 12 -5 -8 -6 13 -12 -1 -4
right_child=2 3 10 7 9 -7 8 -9 -10 -11 11 -13 -14 -15
leaf_value=-0.053268337245471697 0.021899685158638407 -0.048558910790653692 -0.025129656606818335 -0.035030308469531167 0.0097929854351949328 -0.054275121057047099 0.026811433241790764 0.050201306758716667 -0.036567176836074973 0.053257803672854091 0.052445935390585341 0.044771975251710713 -0.028979024254890583 0.029702028342602733
leaf_weight=998.95890194945969 147.33726322604343 16.983775969827548 1.7286569979041839 3.0196173624135545 8.5605454482138139 29.350445260992274 5.2899446059018365 36.491214375477284 53.920417456887662 55.580773754045367 768.77315027266741 202.58044361555949 15.34123568003997 18.711010095663369
leaf_count=116757 3343 2280 90 182 129 1451 124 153 4257 27 1388 565 1503 207
internal_value=5.16348e-10 -0.0483741 0.0443501 0.0150975 0.0194694 0.00901168 -0.0517253 0.0429836 -0.0305536 0.0476962 0.050366 0.0508932 -0.0529299 0.0241089
internal_weight=2362.63 1130.01 1232.62 56.4946 240.829 176.688 1073.51 39.5108 59.2104 64.1413 991.793 971.354 1014.3 20.4397
internal_count=132456 125256 7200 2615 4950 4794 122641 335 4381 156 2250 1953 118260 297
is_linear=0
shrinkage=0.03


Tree=3
num_leaves=15
num_cat=0
split_feature=24 28 24 31 23 35 24 37 30 23 24 31 18 18
split_gain=5194.72 215.304 95.5848 89.8997 79.9644 32.447 32.3746 31.9097 22.8883 14.7297 9.00254 7.54922 6.14609 4.64772
threshold=0.087121214717626586 0.70833334326744091 0.046536797657608993 0.28174604475498205 0.39443171024322515 1.0000000180025095e-35 0.22500000149011615 4.0342013835906991 1.0000000180025095e-35 0.25349161028862005 0.031754031777381904 0.21825397014617923 0.03637566231191159 0.41666667163372045
decision_type=2 2 2 2 2 2 2 2 2 2 2 2 2 2
left_child=1 2 10 12 9 -4 7 -6 -5 -2 -1 -11 -3 -8
right_child=4 3 5 8 6 -7 13 -9 -10 11 -12 -13 -14 -15
leaf_value=-0.051343449098166544 -0.032370215518424394 -0.048654754288684599 -0.005188317926129578 -0.032719056243394884 -0.00059143714442726051 -0.04958267256332316 0.044225347624122717 0.038829642072746903 0.046708591274079725 0.0041424899233040071 -0.036678832018239148 0.0311004836326461 0.00029554899990455436 0.050193395604506384
leaf_weight=962.5474074636586 6.4961397890001527 14.691026386339219 60.51578997913748 2.905709709506481 20.795706624398008 18.746528835501522 250.75459985388443 162.86964390543289 33.448186665773392 28.135347783565521 51.278884293278679 13.290077012032269 2.692617515102028 679.61202790401876
leaf_count=116050 416 2181 3127 189 566 1264 861 1383 157 742 4397 166 141 816
internal_value=1.91254e-10 -0.0452758 -0.0481566 0.0131333 0.0446869 -0.0161751 0.0463182 0.0343871 0.0396541 0.00659156 -0.0506386 0.0133203 -0.041469 0.0486341
internal_weight=2308.78 1146.83 1093.09 53.7375 1161.95 79.2623 1114.03 183.665 36.3539 47.9216 1013.83 41.4254 17.3836 930.367
internal_count=132456 127506 124838 2668 4950 4391 3626 1949 346 1324 120447 908 2322 1677
is_linear=0
shrinkage=0.03


Tree=4
num_leaves=15
num_cat=0
split_feature=24 28 34 28 25 24 32 0 3 24 34 0 6 32
split_gain=4705.07 193.608 119.036 97.3024 143.76 86.0199 84.5929 33.7583 20.1036 9.1581 8.33321 7.07178 6.5157 4.20681
threshold=0.087121214717626586 0.70833334326744091 1.0000000180025095e-35 0.70833334326744091 19.500000000000004 0.046536797657608993 0.19375000149011615 0.7124612331390382 0.49452809989452368 0.031754031777381904 0.14835165441036227 0.62845233082771312 0.03637566231191159 0.21825397014617923
decision_type=2 2 2 2 2 2 2 2 2 2 2 2 2 2
left_child=1 5 3 4 -2 9 12 -7 10 -1 -4 -8 -3 -10
right_child=2 6 8 -5 -6 7 11 -9 13 -11 -12 -13 -14 -15
leaf_value=-0.04937836601505613 0.024198550891329062 -0.047131680061851741 -0.0026050200117622192 0.047638959461086025 -0.051083235362427898 -0.002648629962382759 -0.00069769896700282055 -0.045414994779711601 0.043913817542270479 -0.034688383998252706 0.032417955284746669 0.043307902948291219 0.00032631568292165692 0.049269148480864645
leaf_weight=945.23333933786489 76.47748108021915 14.898258734028788 9.7245449172332901 68.171873517334461 31.368408140260726 54.891011266969144 3.6208754153922191 22.906168606132269 314.66960061201826 50.851882563903928 14.856999343261121 31.54803786566481 3.0971985291689625 632.91501159500331
leaf_count=116050 1241 2191 339 78 1402 2892 168 1499 862 4397 186 154 155 842
internal_value=4.68059e-10 -0.0435243 0.0427238 0.019866 0.0020337 -0.0462896 0.0121554 -0.0156571 0.0468377 -0.048664 0.0190025 0.0388832 -0.0393765 0.0475389
internal_weight=2275.23 1127.05 1148.18 176.018 107.846 1073.88 53.1644 77.7972 972.166 996.085 24.5815 35.1689 17.9955 947.585
internal_count=132456 127506 4950 2721 2643 124838 2668 4391 2229 120447 525 322 2346 1704
is_linear=0
shrinkage=0.03


Tree=5
num_leaves=15
num_cat=0
split_feature=24 35 34 24 24 34 23 36 34 32 3 32 17 34
split_gain=4355.73 166.28 107.534 94.9736 42.2748 27.0486 21.7977 20.8863 18.8756 14.9724 9.87075 7.13863 4.88524 3.30528
threshold=0.080128207802772536 1.5000000000000002 1.0000000180025095e-35 0.033908046782016761 0.22500000149011615 1.0000000180025095e-35 0.54711061716079723 0.15894736349582675 0.40588235855102545 0.47142857313156133 0.35313932597637182 0.47142857313156133 0.29558405280113226 0.057189542800188072
decision_type=2 2 2 2 2 2 2 2 2 2 2 2 2 2
left_child=1 3 4 8 9 -5 10 -3 -1 -2 -4 -6 -9 -8
right_child=2 7 6 5 11 -7 13 12 -10 -11 -12 -13 -14 -15
leaf_value=-0.047631045581687237 -0.0013063669933255624 0.041219785329427848 -0.0072977654323649367 -0.026655687843541907 0.025988929368987342 0.0067957523200081376 0.039895118166515128 -0.038891224963254735 0.029699044104163887 0.035808389654821242 0.031457006329007227 0.044478926215524718 0.022429870224685365 0.046995872344088307
leaf_weight=959.00947679905221 73.092477864120156 22.821860290132467 6.1376086343079796 89.923527565551922 59.611491806339473 28.134868539636955 115.08826024644077 3.6125201368704429 2.227311883121728 10.28292729379609 63.823216085322201 33.413336200639606 0.83693468570709217 785.89375263499096
leaf_count=119069 2327 104 266 6332 621 1292 138 223 35 60 643 50 1 1295
internal_value=5.19129e-10 -0.0424465 0.0409392 -0.044299 0.0192397 -0.0186936 0.0448578 0.0298447 -0.0474212 0.00364124 0.0280022 0.0330327 -0.0253575 0.0461341
internal_weight=2253.91 1106.57 1147.34 1079.3 176.4 118.058 970.943 27.2713 961.237 83.3754 69.9608 93.0248 4.44945 900.982
internal_count=132456 127056 5400 126728 3058 7624 2342 328 119104 2387 909 671 224 1433
is_linear=0
shrinkage=0.03


Tree=6
num_leaves=15
num_cat=0
split_feature=24 28 34 28 25 25 24 0 23 31 23 34 36 34
split_gain=4027.07 164.184 97.0879 81.6385 121.885 68.8442 59.7058 34.2155 20.6662 12.1617 8.21234 4.75133 4.18812 3.53153
threshold=0.080128207802772536 0.70833334326744091 1.0000000180025095e-35 0.70833334326744091 19.500000000000004 21.500000000000004 0.033908046782016761 0.7124612331390382 0.62712350487709057 0.57738095521926891 0.29786166548728948 0.054093567654490478 0.26713287830352789 0.46410256624221807
decision_type=2 2 2 2 2 2 2 2 2 2 2 2 2 2
left_child=1 6 3 4 -2 9 13 -8 10 -3 -4 -7 -10 -1
right_child=2 5 8 -5 -6 11 7 -9 12 -11 -12 -13 -14 -15
leaf_value=-0.046107852901942831 0.022340322026539371 -0.0391160128922243 -0.00091850516199476907 0.044587288769397389 -0.04760627252345772 0.0021234141011658714 -0.0097175627925807136 -0.044819373687401499 0.045899976577848202 0.032146398298227907 0.032287624508856874 0.041836598629074552 0.039025669104243745 0.011287086460374766
leaf_weight=935.33890649024397 78.686239246744663 18.092262721154842 7.1328276386484495 67.09426577668637 30.202768806600943 3.1068905424326685 70.958807000657544 38.238832328235731 712.89231084566563 1.6741201877593983 97.730942348018289 28.523230693070218 146.34998143208213 0.61090244492515822
leaf_count=116908 1420 2467 282 88 1550 83 4931 2539 1102 1 787 106 171 21
internal_value=4.33707e-10 -0.0410273 0.0394617 0.0188205 0.00268242 0.0111271 -0.0436003 -0.0223047 0.043206 -0.0318231 0.0300416 0.0381204 0.0447758 -0.0460584
internal_weight=2236.63 1096.54 1140.09 175.983 108.889 51.3965 1045.15 109.198 964.106 19.7664 104.864 31.6301 859.242 935.95
internal_count=132456 127056 5400 3058 2970 2657 124399 7470 2342 2468 1069 189 1273 116929
is_linear=0
shrinkage=0.03


Tree=7
num_leaves=15
num_cat=0
split_feature=24 28 24 34 28 25 31 0 30 3 34 24 24 3
split_gain=3764.91 149.58 76.8334 75.3022 67.2282 98.7327 64.3324 29.0185 19.8998 17.398 7.99094 6.24127 4.97163 4.26729
threshold=0.087121214717626586 0.70833334326744091 0.046536797657608993 1.0000000180025095e-35 0.70833334326744091 19.500000000000004 0.28174604475498205 0.7124612331390382 1.0000000180025095e-35 0.49452809989452368 0.14835165441036227 0.031754031777381904 0.057189542800188072 0.88586044311523449
decision_type=2 2 2 2 2 2 2 2 2 2 2 2 2 2
left_child=1 2 11 4 5 -2 12 -4 -8 10 -5 -1 -3 -11
right_child=3 6 7 9 -6 -7 8 -9 -10 13 -12 -13 -14 -15
leaf_value=-0.044795696485150804 0.021694396569268071 -0.040955241690313941 -0.0013167028390663449 -0.0038915846065796325 0.043092331657061445 -0.045468265973584686 -0.030681782672376846 -0.040901572931404236 0.041140739903209822 0.03858675341117087 0.029379915413488601 -0.032415588756996516 0.010589710168765042 0.044092703429344314
leaf_weight=918.7933692689985 74.994235012680292 15.39704030309804 55.905168429482728 10.052770753391089 66.394552846439183 25.599914749502204 3.1661923329811534 22.789288823958486 31.097654422279447 257.19354808726348 16.334950665943325 51.169640652136877 1.4730849880725134 670.81130732502788
leaf_count=116050 1241 2277 2892 339 78 1402 189 1499 157 957 186 4397 45 747
internal_value=-7.20554e-10 -0.0394212 -0.041863 0.0386629 0.0199024 0.00432305 0.0104987 -0.0131496 0.033822 0.0419211 0.0170254 -0.0441767 -0.0361137 0.0426099
internal_weight=2221.17 1099.79 1048.66 1121.38 166.989 100.594 51.134 78.6945 34.2638 954.393 26.3877 969.963 16.8701 928.005
internal_count=132456 127506 124838 4950 2721 2643 2668 4391 346 2229 525 120447 2322 1704
is_linear=0
shrinkage=0.03


Tree=8
num_leaves=15
num_cat=0
split_feature=24 35 24 34 24 34 3 34 36 32 34 36 32 17
split_gain=3529.04 130.452 99.842 69.4494 31.3742 27.278 17.4259 16.4785 16.4723 11.3788 5.68524 4.88338 4.69552 4.26892
threshold=0.087121214717626586 1.5000000000000002 0.033908046782016761 1.0000000180025095e-35 0.22500000149011615 1.0000000180025095e-35 0.58075356483459484 0.40588235855102545 0.15894736349582675 0.47142857313156133 0.21825397014617923 0.26713287830352789 0.47142857313156133 0.29558405280113226
decision_type=2 2 2 2 2 2 2 2 2 2 2 2 2 2
left_child=1 2 7 4 9 -4 10 -1 -3 -2 -5 -8 -6 -10
right_child=3 8 5 6 12 -7 11 -9 13 -11 -12 -13 -14 -15
leaf_value=-0.043584713522240456 0.00036002240650560683 0.037189826320017487 -0.023286930812418515 0.0122599573328727 0.025311730367694883 0.0077457606851054151 0.042763523960629282 0.027766341800466447 -0.035576004603241611 0.033482077470934013 0.03323333207839213 0.035692507012292471 0.04094449523448624 0.021270792121192292
leaf_weight=932.23748273681849 65.59836415364407 21.978456686250869 97.188645938877016 26.121270740870386 57.657509110867977 33.872241104952991 753.60283093899488 2.2939651040360323 3.5147889610379925 9.8879162413068098 23.125328643247485 145.35009199613705 32.351907130330801 0.86667633056640614
leaf_count=119069 1998 106 6666 525 621 1405 1363 35 224 52 170 171 50 1
internal_value=3.73565e-10 -0.0383056 -0.0399401 0.0375584 0.0194529 -0.0152687 0.0406947 -0.0433801 0.0268149 0.00507969 0.0225741 0.0416612 0.0313187 -0.0224683
internal_weight=2205.65 1091.95 1065.59 1113.7 165.496 131.061 948.2 934.531 26.3599 75.4863 49.2466 898.953 90.0094 4.38147
internal_count=132456 127506 127175 4950 2721 8071 2229 119104 331 2050 695 1534 671 225
is_linear=0
shrinkage=0.03


Tree=9
num_leaves=15
num_cat=0
split_feature=24 35 24 34 24 3 34 34 36 25 32 34 32 17
split_gain=3309.72 123.546 80.0193 76.9049 33.0218 20.3306 19.2826 15.2805 14.9113 11.8163 7.13862 7.06558 4.92497 4.0507
threshold=0.080128207802772536 1.5000000000000002 0.033908046782016761 1.0000000180025095e-35 0.22500000149011615 0.49452809989452368 1.0000000180025095e-35 0.40588235855102545 0.15894736349582675 21.500000000000004 0.21825397014617923 0.13961039483547213 0.47142857313156133 0.29558405280113226
decision_type=2 2 2 2 2 2 2 2 2 2 2 2 2 2
left_child=1 2 7 4 9 11 -4 -1 -3 -2 -7 -5 -6 -10
right_child=3 8 6 5 12 10 -8 -9 13 -11 -12 -13 -14 -15
leaf_value=-0.042514822506801289 0.010375666849750024 0.035885818365688535 -0.022908754948563752 -0.006013851594181956 0.023935621814065281 0.035942073542730185 0.0048348035090443253 0.02635707369165902 -0.034457649805539031 -0.015093907004985273 0.042229994774770935 0.024311163035046275 0.039772809399902409 0.020930014792426916
leaf_weight=921.57161603146233 61.456499048974365 21.774540466256443 91.029899660032243 9.9035453135147709 57.947161987889558 302.5257643465884 29.454923107288778 2.2881037243641904 3.4168158434331408 21.267402135534212 614.86261347960681 19.595659781247377 32.13592236302793 0.86988461017608631
leaf_count=119069 1534 104 6332 348 621 879 1292 35 223 853 848 267 50 1
internal_value=-2.67238e-11 -0.0377011 -0.0393146 0.0360429 0.0174951 0.0394059 -0.0161423 -0.0423159 0.0260234 0.00372565 0.0401978 0.014267 0.02996 -0.0213851
internal_weight=2190.1 1070.41 1044.34 1119.69 172.807 946.888 120.485 923.86 26.0612 82.7239 917.388 29.4992 90.0831 4.2867
internal_count=132456 127056 126728 5400 3058 2342 7624 119104 328 2387 1727 615 671 224
is_linear=0
shrinkage=0.03


Tree=10
num_leaves=15
num_cat=0
split_feature=24 28 24 25 24 28 25 0 23 23 36 24 25 1
split_gain=3108.21 136.383 73.8052 54.577 53.6881 23.1665 79.5758 21.511 9.95077 9.74113 6.553 5.92914 3.99031 3.55728
threshold=0.080128207802772536 0.70833334326744091 0.18333333730697635 21.500000000000004 0.046536797657608993 0.70833334326744091 19.500000000000004 0.7124612331390382 0.52409476041793834 0.17564656585454944 0.14570175111293796 0.031754031777381904 13.500000000000002 0.44250571727752691
decision_type=2 2 2 2 2 2 2 2 2 2 2 2 2 2
left_child=1 4 5 9 11 6 -2 -6 12 -3 -10 -1 -4 -7
right_child=2 3 8 -5 7 13 -8 -9 10 -11 -12 -13 -14 -15
leaf_value=-0.041587755091528067 0.021309790501595142 -0.039791630292609015 0.026287682760281858 0.03465972151357205 -0.0023312996907062264 0.015121951485258139 -0.03913396920690481 -0.038412578979820353 0.040699749370904877 0.0074564899156975674 0.034192506686202488 -0.029749131316459967 -0.00057073244459281288 0.041711791749991879
leaf_weight=890.34003951703198 115.01076332433149 14.377055481309073 31.558936354704201 31.842863047495484 48.884026976302266 7.0502304621040812 22.637861429248005 20.463114396668971 662.32397166732699 4.8965729742776594 237.0922239087522 52.011966618709266 5.8274793839082113 31.539439678192139
leaf_count=116050 1961 2197 290 189 2605 92 1082 1347 1259 271 602 4397 99 15
internal_value=7.48828e-10 -0.0366757 0.0350223 0.010945 -0.0390902 0.0170738 0.0111586 -0.0133729 0.038377 -0.0280123 0.0390243 -0.0409666 0.0221954 0.0373586
internal_weight=2175.86 1062.82 1113.04 51.1165 1011.7 176.238 137.649 69.3471 936.803 19.2736 899.416 942.352 37.3864 38.5897
internal_count=132456 127056 5400 2657 124399 3150 3043 3952 2250 2468 1861 120447 389 107
is_linear=0
shrinkage=0.03


Tree=11
num_leaves=15
num_cat=0
split_feature=24 28 34 24 28 32 32 0 23 34 24 36 6 34
split_gain=2939.03 125.089 71.7899 67.3861 61.787 83.102 54.1492 24.3864 17.7725 7.82112 6.3738 4.89397 4.8128 4.69901
threshold=0.087121214717626586 0.70833334326744091 1.0000000180025095e-35 0.046536797657608993 0.70833334326744091 0.14642857760190967 0.19375000149011615 0.7124612331390382 0.60889315605163585 0.21825397014617923 0.031754031777381904 0.26713287830352789 0.03637566231191159 0.054093567654490478
decision_type=2 2 2 2 2 2 2 2 2 2 2 2 2 2
left_child=1 3 4 10 5 -2 12 -5 9 -4 -1 -10 -3 -8
right_child=2 6 8 7 -6 -7 13 -9 11 -11 -12 -13 -14 -15
leaf_value=-0.040708849952636211 0.017222260732644195 -0.039033920368081725 0.014603789130883038 -0.0010473537644968796 0.039386868700329758 -0.04437038371584489 -0.0011667971744635552 -0.037085568416262385 0.040331834325570894 0.032819005623540065 -0.028599151125315369 0.033258375720702484 0.00127971357333268 0.035653638638981994
leaf_weight=879.87398031889461 77.883963429369032 14.018433626042681 41.897686419077218 58.715231477282941 62.997515976428986 25.285536768380553 3.3951178672723463 22.763188698329031 694.7463746489957 48.707690230570734 52.066795979859307 142.06426545325667 3.1646506660617879 30.337977207731456
leaf_count=116050 1316 2191 632 2892 78 1327 156 1499 1143 285 4397 169 155 166
internal_value=2.36519e-10 -0.035472 0.0345242 -0.0377761 0.0162288 0.00184565 0.0102335 -0.0114432 0.0377812 0.0246473 -0.0400637 0.0391721 -0.0319472 0.0320209
internal_weight=2157.92 1064.34 1093.58 1013.42 166.167 103.17 50.9162 81.4784 927.416 90.6054 931.941 836.811 17.1831 33.7331
internal_count=132456 127506 4950 124838 2721 2643 2668 4391 2229 917 120447 1312 2346 322
is_linear=0
shrinkage=0.03


Tree=12
num_leaves=15
num_cat=0
split_feature=24 28 34 24 28 32 32 0 30 3 32 24 34 6
split_gain=2787.19 118.583 67.487 64.5845 56.8073 74.9501 50.6158 22.3272 18.8306 17.476 8.37002 6.64929 6.46711 4.55476
threshold=0.087121214717626586 0.70833334326744091 1.0000000180025095e-35 0.046536797657608993 0.70833334326744091 0.14642857760190967 0.19375000149011615 0.7124612331390382 1.0000000180025095e-35 0.49452809989452368 0.21825397014617923 0.031754031777381904 0.14835165441036227 0.03637566231191159
decision_type=2 2 2 2 2 2 2 2 2 2 2 2 2 2
left_child=1 3 4 11 5 -2 13 -5 -8 12 -11 -1 -4 -3
right_child=2 6 9 7 -6 -7 8 -9 -10 10 -12 -13 -14 -15
leaf_value=-0.039911076838211317 0.016390587795242377 -0.038173751758260772 -0.0053744383574980152 -0.0014786973541614221 0.038301476560867784 -0.043028247022714156 -0.033174406899391558 -0.036008164369461117 0.038066782505308677 0.032889470093653554 0.039734467795885506 -0.027656468556286701 0.023724268188526718 0.00094676661507905803
leaf_weight=869.4619666414801 78.763314192648977 13.763686690013857 10.52223515789956 59.448837369214743 62.403067840263247 24.126129936892539 2.9651463106274596 22.57345816725865 30.612397026270628 275.67647163197398 615.88351851329207 52.154621789231896 17.255523392930627 3.214000027626752
leaf_count=116050 1316 2191 339 2892 78 1327 184 1499 138 862 842 4397 186 155
internal_value=-5.60798e-10 -0.0347207 0.0337473 -0.0369778 0.0159638 0.00217764 0.00993585 -0.0113008 0.0309982 0.0369239 0.0376572 -0.0392483 0.0128979 -0.0311272
internal_weight=2138.82 1054.19 1084.63 1003.64 165.293 102.889 50.5552 82.0223 33.5775 919.338 891.56 921.617 27.7778 16.9777
internal_count=132456 127506 4950 124838 2721 2643 2668 4391 322 2229 1704 120447 525 2346
is_linear=0
shrinkage=0.03


Tree=13
num_leaves=15
num_cat=0
split_feature=24 28 24 23 32 0 6 28 23 31 24 0 6 6
split_gain=2654.33 107.614 61.8898 61.0904 46.7343 20.7357 18.4493 24.8358 14.6397 7.14969 6.89503 4.70265 4.30805 3.60079
threshold=0.087121214717626586 0.70833334326744091 0.046536797657608993 0.45591372251510626 0.19375000149011615 0.7124612331390382 0.41666667163372045 0.58333334326744091 0.25349161028862005 0.24404761940240863 0.031754031777381904 0.62845233082771312 0.03637566231191159 0.035098522901535041
decision_type=2 2 2 2 2 2 2 2 2 2 2 2 2 2
left_child=1 2 10 8 12 -4 7 -5 13 -10 -1 -6 -3 -2
right_child=3 4 5 6 11 -7 -8 -9 9 -11 -12 -13 -14 -15
leaf_value=-0.039178798414572745 0.011355486309399709 -0.03739408966429586 -0.0018478206892427137 0.023558498188919804 -0.0032835973904271156 -0.035148454626092444 0.038230898453114344 0.039813841253993253 0.0042735704876598352 0.024747783462253526 -0.026797200129993759 0.033777564479104516 0.00058827285232259253 -0.037303454367287651
leaf_weight=858.66667383629829 1.1821968536823977 13.455165633233266 60.132396462373435 241.10321394051425 3.2478181780315927 22.435165486531332 623.26726639270782 136.96777077019215 44.538821379654109 22.867909262888134 52.241170373512432 28.904430412687361 3.2637043511494985 6.6940430896356702
leaf_count=116050 24 2191 2892 2357 168 1499 858 127 977 215 4397 154 155 392
internal_value=-8.28114e-10 -0.0341075 -0.0362443 0.0330227 0.0091861 -0.0112086 0.0349811 0.029537 0.0068568 0.0114797 -0.0384989 0.0300478 -0.0303648 -0.0295434
internal_weight=2118.97 1042.35 993.475 1076.62 48.8711 82.5676 1001.34 378.071 75.283 67.4067 910.908 32.1522 16.7189 7.87624
internal_count=132456 127506 124838 4950 2668 4391 3342 2484 1608 1192 120447 322 2346 416
is_linear=0
shrinkage=0.03


Tree=14
num_leaves=15
num_cat=0
split_feature=6 28 6 31 28 36 6 37 0 36 7 37 0 1
split_gain=2470.59 118.059 100.78 49.5534 43.9936 73.6976 15.3394 15.2897 10.2681 7.70071 6.85991 5.63831 4.64337 4.55339
threshold=0.060661764815449722 0.70833334326744091 0.18333333730697635 0.28174604475498205 0.70833334326744091 0.12739370763301852 0.032795699313282974 3.5694335699081425 0.50670143961906444 0.20608107745647433 0.064583335071802153 6.0879099369049081 0.62845233082771312 0.44942153990268713
decision_type=2 2 2 2 2 2 2 2 2 2 2 2 2 2
left_child=1 6 4 -3 5 -2 10 -8 11 -10 -1 -4 -5 -6
right_child=2 3 8 12 13 -7 7 -9 9 -11 -12 -13 -14 -15
leaf_value=-0.038580980374798901 0.013501857709014846 -0.034250490951624975 -0.013080108986765147 -0.0020029927807133749 0.013600312977099712 -0.041175832792213977 0.019320132233843747 -0.027452809951237989 0.037397764306373676 0.029749988795386876 -0.024342617202277747 0.021915661261911346 0.0333898251938399 0.039433846328848471
leaf_weight=823.02912089088932 147.64212684053928 14.660789521993136 4.8359994036145535 3.5984469824470571 8.6158265648409706 25.091402703896165 6.1739441379904738 73.258558477973565 683.7409654147923 175.72279405407608 38.352979121729732 15.035899372771381 31.286637954413891 47.526709228754044
leaf_count=112114 3343 2280 113 180 131 1451 173 5968 1454 545 4386 138 155 25
internal_value=6.12153e-10 -0.0344147 0.0307582 0.0105339 0.0129504 0.00536805 -0.0367905 -0.0236223 0.0353733 0.0358705 -0.037976 0.0131805 0.0297849 0.0357767
internal_weight=2098.57 990.36 1108.21 49.5459 228.876 172.734 940.815 79.4325 879.336 859.464 861.382 19.8719 34.8851 56.1425
internal_count=132456 125256 7200 2615 4950 4794 122641 6141 2250 1999 116500 251 335 156
is_linear=0
shrinkage=0.03


Tree=15
num_leaves=15
num_cat=0
split_feature=18 28 23 31 18 28 3 18 37 31 17 17 0 36
split_gain=2352.35 115.605 97.9332 47.2306 31.1274 32.7215 19.3095 15.7914 14.0691 6.93058 6.54209 5.97076 4.60008 4.26972
threshold=0.060661764815449722 0.70833334326744091 0.4337554425001145 0.28174604475498205 0.29166667163372045 0.70833334326744091 0.31577327847480779 0.032795699313282974 3.5694335699081425 0.22474747896194461 0.14313399791717532 0.052704678848385818 0.62845233082771312 0.20608107745647433
decision_type=2 2 2 2 2 2 2 2 2 2 2 2 2 2
left_child=1 7 6 -3 5 -4 11 10 -9 -8 -1 -2 -5 -6
right_child=2 3 4 12 13 -7 9 8 -10 -11 -12 -13 -14 -15
leaf_value=-0.037776331890554349 0.020333811243796223 -0.033559857392009985 0.016459786061218062 -0.0024384710057759763 0.037409159928068432 0.038082870279854492 0.0024067667621833553 0.018285539488835677 -0.026550833306964661 0.021711357101229789 -0.015692330035929618 -0.028098791818087721 0.032650471970034428 0.030470582678796234
leaf_weight=835.36310908989981 1.8607768714427972 14.493713066680355 180.4178921491839 3.5997658125124863 593.0556033719331 98.442967345472425 53.41823295969516 6.1954881874844423 72.641074104350992 23.57539832033217 14.213079438777639 19.429469620808959 31.652447386644781 129.52673177141696
leaf_count=115021 23 2280 2903 180 954 107 1461 173 5968 300 1479 1125 155 327
internal_value=6.53141e-10 -0.0338272 0.0300912 0.0105414 0.0328932 0.0242019 0.00149737 -0.0362133 -0.0228424 0.0085204 -0.0374258 -0.0231434 0.029099 0.0362092
internal_weight=2077.89 978.159 1099.73 49.7459 1001.44 278.861 98.2839 928.413 78.8366 76.9936 849.576 21.2902 35.2522 722.582
internal_count=132456 125256 7200 2615 4291 3010 2909 122641 6141 1761 116500 1148 335 1281
is_linear=0
shrinkage=0.03


Tree=16
num_leaves=15
num_cat=0
split_feature=24 28 34 24 28 25 25 0 23 23 3 37 34 34
split_gain=2313.49 96.6864 70.6352 59.5289 54.1585 71.4981 41.0936 28.2461 18.2339 6.96058 6.81152 4.08357 3.84248 3.40988
threshold=0.087121214717626586 0.70833334326744091 1.0000000180025095e-35 0.033908046782016761 0.70833334326744091 19.500000000000004 21.500000000000004 0.7124612331390382 0.62712350487709057 0.17564656585454944 0.35313932597637182 4.1026091575622567 0.12132352963089944 0.46410256624221807
decision_type=2 2 2 2 2 2 2 2 2 2 2 2 2 2
left_child=1 3 4 13 5 -2 9 -5 10 -3 -4 -8 -10 -1
right_child=2 6 8 7 -6 -7 11 -9 12 -11 -12 -13 -14 -15
leaf_value=-0.037424508734803338 0.015125355410772218 -0.03600661400844344 -0.007726276504284515 -0.00550245916401475 0.035501892784469316 -0.039892547260068571 0.0085973194629563581 -0.035844595853769701 0.032770628009977064 0.0040776980652723997 0.024224031213261006 0.035794621546359449 0.037986355128682599 0.01332639770788098
leaf_weight=833.48780229385011 77.032759943045676 13.677103264722975 5.9563666284084311 87.549322278006002 60.904264288023114 28.218212649226189 7.2246838510036495 39.650740995071828 265.32022647559643 5.0520797409117213 95.16082319477573 23.093549793586135 512.51670976914465 0.73647730564698477
leaf_count=116908 1241 2197 213 5218 78 1402 124 2691 317 282 750 65 949 21
internal_value=9.89703e-12 -0.032351 0.0312799 -0.0344458 0.0132356 0.000138204 0.00857857 -0.0151665 0.034672 -0.0255355 0.0222847 0.0297951 0.0362516 -0.0373638
internal_weight=2055.58 1010.47 1045.11 961.424 166.155 105.251 49.0474 127.2 878.954 18.7292 101.117 30.3182 777.837 834.224
internal_count=132456 127506 4950 124838 2721 2643 2668 7909 2229 2479 963 189 1266 116929
is_linear=0
shrinkage=0.03


Tree=17
num_leaves=15
num_cat=0
split_feature=24 28 34 28 25 24 25 0 3 3 34 3 37 34
split_gain=2214.29 94.1073 77.1122 53.8629 68.4974 45.5065 38.5202 22.3564 20.2744 6.75914 6.48086 5.5202 4.00662 3.06599
threshold=0.080128207802772536 0.70833334326744091 1.0000000180025095e-35 0.70833334326744091 18.500000000000004 0.033908046782016761 21.500000000000004 0.7124612331390382 0.49452809989452368 0.21441747248172763 0.21825397014617923 0.88586044311523449 4.1026091575622567 0.46410256624221807
decision_type=2 2 2 2 2 2 2 2 2 2 2 2 2 2
left_child=1 5 3 4 -2 13 9 -7 10 -3 -4 -10 -8 -1
right_child=2 6 8 -5 -6 7 12 -9 11 -11 -12 -13 -14 -15
leaf_value=-0.036909080164596618 0.013768787107901161 -0.035400223221600656 -0.0022949802072506501 0.03454645499225513 -0.038536785020815693 -0.0073297884989292645 0.0081549632354086868 -0.035604138894749053 0.030571618345175147 0.0045539292284486783 0.024292196329461981 0.036556447173173301 0.035069595076705505 0.012137129429714483
leaf_weight=820.73186448356137 81.983015725854784 13.396150285843762 17.434380212798718 60.282489957287908 29.932592310477048 78.757858908735216 7.2243489027023342 36.499202472623438 241.01593555929139 4.8974988192785522 14.403813376091419 601.19801910966635 22.708353429101408 0.71454118378460307
leaf_count=116908 1408 2199 483 88 1562 4931 124 2539 977 269 132 750 65 21
internal_value=-4.02402e-10 -0.0322665 0.0303772 0.0119379 -0.00043809 -0.0343694 0.00844551 -0.0165128 0.0339922 -0.0250222 0.0101067 0.0348821 0.0290473 -0.0368517
internal_weight=2031.18 984.93 1046.25 172.198 111.916 936.703 48.2264 115.257 874.052 18.2936 31.8382 842.214 29.9327 821.446
internal_count=132456 127056 5400 3058 2970 124399 2657 7470 2342 2468 615 1727 189 116929
is_linear=0
shrinkage=0.03


Tree=18
num_leaves=15
num_cat=0
split_feature=24 35 34 24 24 23 1 36 34 36 34 0 34 17
split_gain=2113.27 92.4206 75.4021 63.444 25.8081 20.6049 12.7666 11.2726 10.9366 8.28204 7.681 4.80867 4.4255 2.96065
threshold=0.080128207802772536 1.5000000000000002 1.0000000180025095e-35 0.033908046782016761 0.22500000149011615 0.54711061716079723 0.34245401620864874 0.15894736349582675 0.40588235855102545 0.27815468609333044 0.21825397014617923 0.48505946993827825 0.093073595315217986 0.29558405280113226
decision_type=2 2 2 2 2 2 2 2 2 2 2 2 2 2
left_child=1 3 4 8 9 10 -5 -3 -1 -2 -4 -6 -7 -9
right_child=2 7 5 6 11 12 -8 13 -10 -11 -12 -13 -14 -15
leaf_value=-0.036463346477216656 -0.0040463954616351723 0.031848894117167827 0.0080426905107669599 -0.0069044809411894044 -0.012081935355857176 0.030944769729874262 -0.028025592033445117 -0.030038026974082081 0.023721240696876051 0.021459411761341904 0.02752611840387123 0.024564786025698379 0.03653062000887726 0.017873685671618456
leaf_weight=819.91068882087711 73.218703950289637 21.822405266575519 37.302720454521477 88.657226117327809 2.7861881591379634 237.54252407047898 35.901339186821133 3.279151805676519 2.0919779702089718 12.549610153771935 36.900313537567854 81.127704559359699 551.59569951146841 0.84219747781753529
leaf_count=119069 2238 104 664 5304 66 300 2320 223 35 149 245 605 1133 1
internal_value=1.45405e-11 -0.0317222 0.0298656 -0.033257 0.0114959 0.0334586 -0.0131669 0.0234287 -0.0362815 -0.000110081 0.0179688 0.0232201 0.0348905 -0.018669
internal_weight=2005.53 972.505 1033.02 946.561 169.682 863.341 124.559 25.9438 822.003 85.7683 74.203 83.9139 789.138 4.12135
internal_count=132456 127056 5400 126728 3058 2342 7624 328 119104 2387 909 671 1433 224
is_linear=0
shrinkage=0.03


Tree=19
num_leaves=15
num_cat=0
split_feature=24 28 34 28 25 24 25 0 23 34 23 32 34 34
split_gain=2014.54 97.3397 74.2918 49.4249 64.4595 43.9821 37.4981 21.4825 20.2114 7.11489 6.22789 5.31112 4.00569 2.49617
threshold=0.080128207802772536 0.70833334326744091 1.0000000180025095e-35 0.70833334326744091 18.500000000000004 0.031754031777381904 21.500000000000004 0.7124612331390382 0.54711061716079723 0.21825397014617923 0.17564656585454944 0.21825397014617923 0.054093567654490478 0.46410256624221807
decision_type=2 2 2 2 2 2 2 2 2 2 2 2 2 2
left_child=1 5 3 4 -2 13 10 -7 9 -4 -3 -10 -8 -1
right_child=2 6 8 -5 -6 7 12 -9 11 -11 -12 -13 -14 -15
leaf_value=-0.036115799350174872 0.013149586055728192 -0.034443096294146346 0.0080649737766259558 0.033780602609403992 -0.037602517937777011 -0.0080306719004740301 -0.001965526781200573 -0.034757146577904928 0.030185035782263139 0.026803611452463478 0.0039489225433418408 0.036159297406074799 0.032488917307649565 0.0098756570483255601
leaf_weight=784.56458801776171 82.966116374824196 12.988129273522647 37.442240874748677 56.123064932413399 29.778888369444758 85.230515549425036 3.265187879092994 39.275838860310614 241.059585461393 36.991514007560909 4.960777736734598 536.92772188782692 28.280388046987355 0.67976247426122327
leaf_count=116029 1408 2197 664 88 1562 5515 83 2834 653 245 271 780 106 21
internal_value=5.74227e-10 -0.0312029 0.0293091 0.0110463 -0.0004681 -0.0334307 0.00959806 -0.0166714 0.0329099 0.0176094 -0.0241838 0.0343493 0.0289718 -0.0360635
internal_weight=1980.53 959.245 1021.29 168.868 112.745 909.751 49.4945 124.506 852.421 74.4338 17.9489 777.987 31.5456 785.244
internal_count=132456 127056 5400 3058 2970 124399 2657 8349 2342 909 2468 1433 189 116050
is_linear=0
shrinkage=0.03


Tree=20
num_leaves=15
num_cat=0
split_feature=24 28 34 24 28 25 32 3 1 24 32 25 34 12
split_gain=1930.94 91.0565 64.2407 55.5913 44.5169 57.063 36.3105 18.7178 18.2226 6.40715 6.07893 5.031 4.4935 3.60676
threshold=0.087121214717626586 0.70833334326744091 1.0000000180025095e-35 0.046536797657608993 0.70833334326744091 19.500000000000004 0.19375000149011615 0.58075356483459484 0.34245401620864874 0.031754031777381904 0.21825397014617923 13.500000000000002 0.13961039483547213 1.5000000000000002
decision_type=2 2 2 2 2 2 2 2 2 2 2 2 2 2
left_child=1 3 4 9 5 -2 13 11 -5 -1 -9 -4 -8 -3
right_child=2 6 7 8 -6 -7 12 10 -10 -11 -12 -13 -14 -15
leaf_value=-0.035662281761604679 0.013074268854988007 -0.031160043156584868 0.018870726666823042 -0.0018208669567626142 0.033321372235713437 -0.037084281174669727 0.012251672512894661 0.029403503920364876 -0.034427195078744754 -0.02373691323206505 0.035661213615786412 -0.0055586034987418218 0.035779249447066931 0.013931726726477999
leaf_weight=771.18718536419328 78.723135516047478 14.624756444245573 43.466753257904202 66.51404948765412 55.138873452320695 26.438715563155711 13.635775875765829 244.60004273429513 19.132933263666928 51.46173882111907 538.38349129445851 8.6752173723652941 19.646828284021467 1.2112909797579057
leaf_count=116050 1241 2298 513 2974 78 1402 285 724 1417 4397 810 182 37 48
internal_value=2.37035e-10 -0.0304016 0.0292418 -0.0325519 0.0117507 0.000233386 0.00921772 0.0325811 -0.00941815 -0.034946 0.0337463 0.0147781 0.0267786 -0.0270884
internal_weight=1952.84 957.415 995.426 908.296 160.301 105.162 49.1187 835.126 85.647 822.649 782.984 52.142 33.2826 15.836
internal_count=132456 127506 4950 124838 2721 2643 2668 2229 4391 120447 1534 695 322 2346
is_linear=0
shrinkage=0.03


Tree=21
num_leaves=14
num_cat=0
split_feature=23 17 7 25 35 23 17 25 0 36 31 17 0
split_gain=1436.75 177.49 258.942 94.9836 78.4349 40.4787 17.5887 21.5451 11.7292 10.8253 8.03339 4.19434 2.06529
threshold=0.32078750431537634 0.11129879951477052 0.13392857462167743 19.500000000000004 1.5000000000000002 0.23909359425306323 0.34523810446262365 21.500000000000004 0.58690673112869274 0.15894736349582675 0.57738095521926891 0.040003018453717239 0.6063499152660371
decision_type=2 2 2 2 2 2 2 2 2 2 2 2 2
left_child=4 2 3 -2 5 10 7 -3 -7 -6 -1 -4 -8
right_child=1 6 11 -5 9 8 12 -9 -10 -11 -12 -13 -14
leaf_value=-0.034422432251584117 0.014221468178260695 0.027835793778337038 0.034747618545607942 -0.030559279937073344 0.031521406878068099 -0.0038665302241116103 0.025592721987066715 0.0046623026618466592 -0.033198911376114658 -0.027228578726610067 0.021711778112667942 0.020820654872652365 0.03464999730162667
leaf_weight=710.62080573616549 59.468783055432141 223.66342899063602 139.95979847107083 145.2672533406876 19.833128407597545 56.33171266131103 39.035410760901868 43.560383729636669 14.80905659124255 2.4829157870262852 1.6764922384172667 29.197271692100912 438.23063596803695
leaf_count=111592 1583 1444 236 11144 86 2972 108 676 1328 173 23 257 834
internal_value=2.12544e-10 0.0219963 0.00511313 -0.0175461 -0.0305202 -0.0321047 0.030457 0.0240897 -0.0103481 0.0240973 -0.0342601 0.0324803 0.0339643
internal_weight=1924.14 1118.38 373.893 204.736 805.754 783.438 744.49 267.224 71.1408 22.316 712.297 169.157 477.266
internal_count=132456 16282 13220 12727 116174 115915 3062 2120 4300 259 111615 493 942
is_linear=0
shrinkage=0.03


Tree=22
num_leaves=15
num_cat=0
split_feature=24 28 24 24 25 0 3 28 0 25 0 1 3 36
split_gain=1778.18 85.2433 57.2278 54.4355 33.4321 21.9095 16.4593 10.7951 10.2706 8.40136 7.33336 6.65456 5.4888 1.94033
threshold=0.087121214717626586 0.70833334326744091 0.18333333730697635 0.033908046782016761 21.500000000000004 0.7124612331390382 0.45927059650421148 0.70833334326744091 0.61143121123313915 18.500000000000004 0.46635708212852484 0.18568280339241031 0.21441747248172763 0.15686944127082827
decision_type=2 2 2 2 2 2 2 2 2 2 2 2 2 2
left_child=1 3 6 -1 12 -5 11 -8 10 -10 -4 -2 -3 -6
right_child=2 4 8 5 13 -7 7 -9 9 -11 -12 -13 -14 -15
leaf_value=-0.034852522748854829 -0.011486449841353514 -0.033324674032843643 -0.011653470064612655 -0.005615247904274148 0.031635688281827092 -0.032927050117596578 0.01185178070955552 0.032188511801194655 0.035619043188346182 0.02837954620004535 0.024113659260259331 0.015747016724307457 0.0027011881559870087 0.010775720738283059
leaf_weight=752.29614422353916 30.303769097663462 12.33265820995439 4.8771158875897518 91.857694292673841 24.115275534801189 36.435226382222027 88.687670760322362 32.189051480963826 445.28838928602636 260.79933257214725 96.875705108977854 9.9320061644539219 5.1285288555081925 6.4174553863704196
leaf_count=116929 906 2199 113 5218 95 2691 1586 57 882 776 479 151 280 94
internal_value=4.82846e-11 -0.0296494 0.0284154 -0.0317703 0.00911777 -0.0135665 0.0119907 0.0174871 0.0316722 0.032989 0.0223026 -0.00454515 -0.0231704 0.0277321
internal_weight=1897.54 928.583 968.953 880.589 47.9939 128.293 161.112 120.877 807.841 706.088 101.753 40.2358 17.4612 30.5327
internal_count=132456 127506 4950 124838 2668 7909 2700 1643 2250 1658 592 1057 2479 189
is_linear=0
shrinkage=0.03


Tree=23
num_leaves=14
num_cat=0
split_feature=23 17 7 25 35 23 17 25 0 36 17 32 0
split_gain=1325.69 161.84 225.136 105.876 72.5932 39.0238 13.6315 18.3154 10.9384 10.1271 8.75394 5.05698 1.97638
threshold=0.32078750431537634 0.12530788034200671 0.13392857462167743 19.500000000000004 1.5000000000000002 0.23909359425306323 0.34523810446262365 18.500000000000004 0.58690673112869274 0.15894736349582675 0.050030525773763664 0.23669467866420749 0.6063499152660371
decision_type=2 2 2 2 2 2 2 2 2 2 2 2 2
left_child=4 2 3 -2 5 10 7 -3 -7 -6 -1 -4 -8
right_child=1 6 11 -5 9 8 12 -9 -10 -11 -12 -13 -14
leaf_value=-0.034516229624258758 0.014262100312975541 0.028652358315646425 0.018590220449810246 -0.029845165601574665 0.030704798231025732 -0.0037511312457825484 0.024711915634532032 0.0091520523223351004 -0.032525840518094394 -0.026613206007514337 -0.021157306088346539 0.033686852097708324 0.033700663063397709
leaf_weight=635.72136885370128 74.075397820095532 178.8443949604407 28.151339755859226 140.82751234155148 19.324247213080529 56.371014962322079 37.695071581983939 58.738975966349244 14.18462516972795 2.4291798565536729 53.766668307012878 143.29598171403632 426.75541510339826
leaf_count=105458 1755 1004 247 11221 86 2972 108 803 1328 173 6157 310 834
internal_value=3.35624e-10 0.0213995 0.00578462 -0.0146461 -0.0297807 -0.031332 0.0299723 0.0238898 -0.00990976 0.0234158 -0.0335066 0.0313302 0.0330258
internal_weight=1870.18 1088.38 386.35 214.903 781.797 760.044 702.034 237.583 70.5556 21.7534 689.488 171.447 464.45
internal_count=132456 16282 13533 12976 116174 115915 2749 1807 4300 259 111615 557 942
is_linear=0
shrinkage=0.03


Tree=24
num_leaves=15
num_cat=0
split_feature=24 35 34 24 28 25 23 28 0 34 3 34 4 34
split_gain=1629.43 90.9781 85.1064 48.6912 48.2165 54.5684 24.2392 13.319 10.4018 9.72749 8.02106 5.42232 1.60958 0.0326317
threshold=0.074175827205181136 1.5000000000000002 1.0000000180025095e-35 0.033908046782016761 0.70833334326744091 18.500000000000004 0.62712350487709057 0.70833334326744091 0.7124612331390382 0.40588235855102545 0.35313932597637182 0.093073595315217986 0.64434301853179943 0.18898809701204303
decision_type=2 2 2 2 2 2 2 2 2 2 2 2 2 2
left_child=1 3 4 9 5 -2 10 -3 -5 -1 -4 -8 -6 -9
right_child=2 7 6 8 12 -7 11 13 -10 -11 -12 -13 -14 -15
leaf_value=-0.034341334154407807 0.0095292500003730917 -0.027380185322007887 -0.0091874940708942133 -0.0067492069389667557 0.017998782955071325 -0.035510286257323227 0.028642913165272021 0.022670170631279199 -0.026594894654631669 0.022798808395176361 0.01989247641351017 0.03499518748695115 0.034288023716052274 0.035156199134799566
leaf_weight=734.20325369364582 86.114481855649501 3.2469175481237498 8.7688167467713338 79.272371696541086 10.585548058152197 32.536302748136222 213.93868327885866 9.4346909951418656 33.612494997214526 2.0507373274303964 98.223533381707966 474.16436786390841 41.434734120965004 14.603368014097212
leaf_count=119069 1586 249 317 4800 67 1711 287 58 2377 35 862 994 26 18
internal_value=-2.95701e-11 -0.0296 0.0268646 -0.0313368 0.00758882 -0.00301501 0.0309875 0.0236461 -0.0128401 -0.0341515 0.0174462 0.0330646 0.0313753 0.0313567
internal_weight=1842.19 876.424 965.766 849.139 170.671 118.651 795.095 27.285 112.885 736.254 106.992 688.103 52.0203 24.0381
internal_count=132456 126606 5850 126281 3390 3297 2460 325 7177 119104 1179 1281 93 76
is_linear=0
shrinkage=0.03


Tree=25
num_leaves=15
num_cat=0
split_feature=24 35 34 24 24 23 1 36 34 34 36 34 24 24
split_gain=1569.65 81.125 74.5818 57.4202 21.7837 21.5307 9.78506 9.18181 9.18117 7.22405 6.99452 5.74281 4.34468 2.50802
threshold=0.080128207802772536 1.5000000000000002 1.0000000180025095e-35 0.033908046782016761 0.22500000149011615 0.62712350487709057 0.34245401620864874 0.15894736349582675 0.40588235855102545 0.21825397014617923 0.27815468609333044 0.12132352963089944 0.75000000000000011 0.069047622382640853
decision_type=2 2 2 2 2 2 2 2 2 2 2 2 2 2
left_child=1 3 4 8 10 9 -5 -3 -1 -4 -2 -7 -6 -9
right_child=2 7 5 6 12 11 -8 13 -10 -11 -12 -13 -14 -15
leaf_value=-0.034048920036656521 -0.0054706303168253635 0.030146528577102396 0.0093893343953012631 -0.0065459409987273258 0.014013131743688071 0.028417480905193145 -0.025689500290269007 -0.027716945573937984 0.02197709141594141 0.025453262015005567 0.0187719102916548 0.034833638260052806 0.029205621844679345 0.016436249380804964
leaf_weight=718.77701115678065 74.258409765083343 21.864727162756029 50.943969392217696 92.118182625854388 50.798689027084038 228.54198278766125 32.060210593510419 3.0169004686176772 2.009791179560124 52.688232774846256 11.498397822491823 444.483552435413 28.03067488130182 0.86584406672045577
leaf_count=119069 2238 104 741 5304 574 322 2320 221 35 328 149 951 97 3
internal_value=-1.57347e-11 -0.0290138 0.026842 -0.0306163 0.00843445 0.030727 -0.0116541 0.0227544 -0.0338625 0.0177217 -0.00204125 0.0327003 0.0197136 -0.0165212
internal_weight=1811.96 870.713 941.244 844.965 164.586 776.658 124.178 25.7475 720.787 103.632 85.7568 673.026 78.8294 3.88274
internal_count=132456 127056 5400 126728 3058 2342 7624 328 119104 1069 2387 1273 671 224
is_linear=0
shrinkage=0.03


Tree=26
num_leaves=15
num_cat=0
split_feature=24 28 34 24 28 25 25 23 1 34 7 34 23 37
split_gain=1508.56 77.7208 65.6366 52.9086 42.715 49.1384 29.7895 19.8948 15.1439 6.80774 6.31227 5.14016 4.78269 3.75824
threshold=0.087121214717626586 0.70833334326744091 1.0000000180025095e-35 0.046536797657608993 0.70833334326744091 19.500000000000004 21.500000000000004 0.54711061716079723 0.34245401620864874 0.21825397014617923 0.41666667163372045 0.12132352963089944 0.17564656585454944 4.1026091575622567
decision_type=2 2 2 2 2 2 2 2 2 2 2 2 2 2
left_child=1 3 4 10 5 -2 12 9 -5 -4 -1 -9 -3 -8
right_child=2 6 7 8 -6 -7 13 11 -10 -11 -12 -13 -14 -15
leaf_value=-0.033223712804678604 0.010417580277087259 -0.032038418996974814 0.0052587528485170875 -0.0017421508613244374 0.031369934629168358 -0.035453076860489582 0.0061524641289228583 0.027991313709257285 -0.032400188771835779 0.024125883873830235 0.0082093594438010769 0.034059328458954208 0.0020058204609654769 0.03264401229740134
leaf_weight=732.20919286587741 77.760876870714128 11.465618958696725 34.664843715727329 69.464010921772569 50.990289520472288 27.671553367283195 6.7044605850242105 229.47034149058163 17.369698091875762 34.642769157886505 2.9658665555762118 459.0659758169204 5.1294257058762005 22.952053607441485
leaf_count=120147 1241 2197 580 2974 78 1402 124 350 1417 226 300 1073 282 65
internal_value=-1.01159e-11 -0.0283035 0.0268808 -0.0304314 0.00911517 -0.00184152 0.0093586 0.0305309 -0.00817386 0.0148983 -0.0330456 0.0320806 -0.0219996 0.0270511
internal_weight=1782.53 868.26 914.267 822.009 156.423 105.432 46.2516 757.844 86.8337 69.3076 735.175 688.536 16.595 29.6565
internal_count=132456 127506 4950 124838 2721 2643 2668 2229 4391 806 120447 1423 2479 189
is_linear=0
shrinkage=0.03


Tree=27
num_leaves=15
num_cat=0
split_feature=24 28 24 24 32 23 0 30 32 35 28 0 6 6
split_gain=1448.2 76.9327 65.6106 42.1015 28.193 18.6037 16.859 15.7245 11.7938 95.9122 10.2757 4.17275 3.76282 2.19907
threshold=0.080128207802772536 0.70833334326744091 0.18333333730697635 0.031754031777381904 0.19375000149011615 0.3765618652105332 0.7124612331390382 1.0000000180025095e-35 0.23669467866420749 1.0000000180025095e-35 0.70833334326744091 0.46238009631633764 0.03637566231191159 0.18333333730697635
decision_type=2 2 2 2 2 2 2 2 2 2 2 2 2 2
left_child=1 3 5 -1 12 11 -5 -6 9 -4 -7 -2 -3 -10
right_child=2 4 8 6 7 10 -8 -9 13 -11 -12 -13 -14 -15
leaf_value=-0.033556946879182738 -0.01885952774503917 -0.031997340293533683 0.02909782314900496 -0.0072105406726317798 -0.029627890423286247 0.010216247831725919 -0.031853331881363439 0.032901533679922206 0.023545049786148128 -0.047537379620825222 0.030332922940326652 -0.00020186076246280995 0.0028894766761915869 0.033546707940103303
leaf_weight=670.9742344339611 15.932004973292349 11.031137665500863 254.06481058895588 88.580108839320019 3.3572539351880577 94.722133378032595 34.295520635088906 27.48891012230888 31.872217462863773 14.71380124799907 30.012739634141326 29.792504819110036 3.4163282150402656 441.41829119808972
leaf_count=116050 603 2191 971 5515 184 1820 2834 138 219 296 60 667 144 764
internal_value=5.81056e-11 -0.028428 0.0261443 -0.0305965 0.00941877 0.00929131 -0.0142901 0.0253793 0.0299979 0.0247419 0.0152593 -0.00696734 -0.0240948 0.0329242
internal_weight=1751.67 839.143 912.529 793.85 45.2936 170.459 122.876 30.8462 742.069 268.779 124.735 45.7245 14.4475 473.291
internal_count=132456 127056 5400 124399 2657 3150 8349 322 2250 1267 1880 1270 2335 983
is_linear=0
shrinkage=0.03


Tree=28
num_leaves=15
num_cat=0
split_feature=24 28 24 24 25 23 0 0 25 6 23 31 31 37
split_gain=1399.72 72.8336 66.6906 41.9834 26.2648 16.9138 15.2781 12.8401 11.0869 9.38977 4.8693 4.19367 3.81476 3.47354
threshold=0.080128207802772536 0.70833334326744091 0.18333333730697635 0.033908046782016761 21.500000000000004 0.3765618652105332 0.7124612331390382 0.47474458813667303 21.500000000000004 0.75000000000000011 0.17564656585454944 0.12132352963089944 0.21825397014617923 4.1026091575622567
decision_type=2 2 2 2 2 2 2 2 2 2 2 2 2 2
left_child=1 3 5 -1 10 12 -5 11 -7 -9 -3 -4 -2 -6
right_child=2 4 7 6 13 8 -8 9 -10 -11 -12 -13 -14 -15
leaf_value=-0.033211830032469004 -0.011599162147212067 -0.031501379863209618 -0.030120089725493734 -0.0067145364703165523 0.0056796763492052678 0.019802438408269323 -0.031253075774718544 0.026871354392938984 -0.00079545995422217132 0.034094314858070816 0.003327058537453379 0.011101045942744473 0.0077137036289657524 0.031351798843294303
leaf_weight=664.8988906777231 33.843620442785323 10.956903365207834 3.2433847654610863 84.743408173089847 6.613732608966532 93.057446137536317 30.681156509788707 381.90898989862762 31.259126712568104 337.09915169887245 4.9227824897970995 3.8573522586375475 11.719890560023485 22.021707329899073
leaf_count=116929 1070 2197 91 4931 124 1079 2539 1682 801 434 271 43 200 65
internal_value=-2.18323e-10 -0.0281817 0.0259463 -0.0303096 0.00896541 0.00895872 -0.0134496 0.0299029 0.0146581 0.0303004 -0.0211469 -0.00912132 -0.00657251 0.0258142
internal_weight=1720.83 824.839 895.989 780.323 44.5151 169.88 115.425 726.109 124.317 719.008 15.8797 7.10074 45.5635 28.6354
internal_count=132456 127056 5400 124399 2657 3150 7470 2250 1880 2116 2468 134 1270 189
is_linear=0
shrinkage=0.03


Tree=29
num_leaves=15
num_cat=0
split_feature=24 34 28 28 25 24 3 32 25 31 34 3 6 34
split_gain=1344.4 82.7372 63.5368 44.1991 47.7871 37.2906 26.4888 23.8717 13.3632 6.17047 5.46619 4.83951 3.66267 2.84143
threshold=0.074175827205181136 1.0000000180025095e-35 0.70833334326744091 0.70833334326744091 18.500000000000004 0.031754031777381904 0.58075356483459484 0.19375000149011615 16.500000000000004 0.12132352963089944 0.13961039483547213 0.99997887015342724 0.03637566231191159 0.46410256624221807
decision_type=2 2 2 2 2 2 2 2 2 2 2 2 2 2
left_child=2 3 5 4 -2 13 9 12 -7 -3 -9 -8 -4 -1
right_child=1 6 7 -5 -6 8 11 10 -10 -11 -12 -13 -14 -15
leaf_value=-0.033179795799591211 0.0079996622877497175 -0.014509435153895503 -0.03149882949854451 0.030030959593661401 -0.034182482518542688 -0.0068527897136121691 0.028608088658379025 0.0053655466775837362 -0.028713325260235623 0.013797901051302802 0.033088172780904479 0.034262407636871689 0.0032145424357166038 0.011893241262749165
leaf_weight=641.17872600303963 86.002195763401687 7.1345615955069652 10.600636237300931 48.26467873621732 32.484750243136659 75.884426083182916 352.25487124873325 10.481516838772224 37.352954330155626 52.371105425991118 17.470273246522993 315.30900419130921 3.352772115264087 0.80242915917187829
leaf_count=116029 1586 228 2191 93 1711 4911 1215 284 2996 673 37 344 137 21
internal_value=-5.15794e-11 0.0252483 -0.0283073 0.00614517 -0.00375442 -0.0303008 0.0296151 0.00748949 -0.014252 0.0102202 0.023237 0.031326 -0.0235006 -0.033105
internal_weight=1690.94 893.821 797.124 166.752 118.487 755.219 727.07 41.9052 113.237 59.5057 27.9518 667.564 13.9534 641.981
internal_count=132456 5850 126606 3390 3297 123957 2460 2649 7907 901 321 1559 2328 116050
is_linear=0
shrinkage=0.03


Tree=30
num_leaves=15
num_cat=0
split_feature=24 34 34 24 23 32 32 17 32 34 34 34 20 23
split_gain=1293.11 66.5713 62.7057 56.2491 22.4215 19.4603 22.5183 11.827 11.1291 6.20017 5.10179 4.96995 3.58557 3.25032
threshold=0.087121214717626586 1.0000000180025095e-35 0.18898809701204303 0.031754031777381904 0.62712350487709057 0.47142857313156133 0.31009615957736975 0.22259759902954104 0.19375000149011615 0.21825397014617923 0.12132352963089944 0.13961039483547213 0.093473881483078017 0.25349161028862005
decision_type=2 2 2 2 2 2 2 2 2 2 2 2 2 2
left_child=2 5 3 11 9 6 -2 -5 13 -3 -6 -1 -10 -4
right_child=1 4 8 7 10 -7 -8 -9 12 -11 -12 -13 -14 -15
leaf_value=-0.03303026568411107 0.006633058937813934 0.007777464037564445 -0.023278528412482513 -0.014110518553593557 0.027435884285909973 0.028552381184113306 -0.034202531855318172 0.016266972782935641 0.029473285929372213 0.02322575671120156 0.033838963081198534 -0.011636498313589807 -0.015983932861262602 0.010332060584353178
leaf_weight=626.27772266138345 108.32266698917374 46.775806977413595 6.1011847738409433 125.30930816940963 205.55416029691696 30.649599437601864 12.676953054498879 11.863261974882333 19.790521946270022 48.962348528206348 401.39265627972782 11.338979780673979 1.0751825228799123 3.3478745999746025
leaf_count=115572 1963 655 1056 8415 317 102 656 290 286 308 949 1609 177 101
internal_value=-6.94206e-11 0.0256935 -0.0272627 -0.0289199 0.0295808 0.00760586 0.00210949 -0.0113846 0.0146644 0.0158364 0.0317191 -0.0326686 0.0265071 -0.0115209
internal_weight=1659.44 854.334 805.104 774.789 702.685 151.649 121 137.173 30.3148 95.7382 606.947 637.617 20.8657 9.44906
internal_count=132456 4950 127506 125886 2229 2721 2619 8705 1620 963 1266 117181 463 1157
is_linear=0
shrinkage=0.03


Tree=31
num_leaves=15
num_cat=0
split_feature=24 34 28 24 28 25 25 23 0 34 34 31 37 34
split_gain=1239.45 65.6149 64.5837 52.0136 38.3596 41.5003 24.5063 22.2622 16.8613 6.09654 5.40451 3.96563 3.46286 2.60396
threshold=0.087121214717626586 1.0000000180025095e-35 0.70833334326744091 0.033908046782016761 0.70833334326744091 19.500000000000004 21.500000000000004 0.62712350487709057 0.7124612331390382 0.21825397014617923 0.12132352963089944 0.57738095521926891 4.1026091575622567 0.46410256624221807
decision_type=2 2 2 2 2 2 2 2 2 2 2 2 2 2
left_child=2 4 3 13 5 -2 11 9 -5 -3 -9 -4 -8 -1
right_child=1 7 6 8 -6 -7 12 10 -10 -11 -12 -13 -14 -15
leaf_value=-0.032696360141590441 0.0085250575538981157 0.0075965010097786981 -0.025172276458481333 -0.0051474138293771303 0.029865594379134063 -0.033902372652888514 0.0049852364421027508 0.027023313985836746 -0.030252239110507825 0.022925087660023182 0.033641023098411153 0.021952852591356726 0.030812858787612214 0.010990525740474055
leaf_weight=617.98716840834823 77.458263643551618 46.719267547130585 14.391512855654579 96.520822338759899 46.056115688756108 27.216991771711037 6.4701698874123421 201.3495823405683 31.339257133193314 48.826874986290932 392.28946729190648 1.0284341573715217 21.190157538279891 0.78982064314186473
leaf_count=116908 1241 655 2478 5218 78 1402 124 317 2691 308 949 1 65 21
internal_value=2.28689e-10 0.0253547 -0.0269644 -0.0290238 0.00736563 -0.00272308 0.00857693 0.0292727 -0.0114878 0.0155862 0.0314457 -0.0208837 0.0251561 -0.032623
internal_weight=1629.63 839.917 789.717 746.637 150.731 104.675 43.0803 689.185 127.86 95.5461 593.639 15.4199 27.6603 618.777
internal_count=132456 4950 127506 124838 2721 2643 2668 2229 7909 963 1266 2479 189 116929
is_linear=0
shrinkage=0.03


Tree=32
num_leaves=15
num_cat=0
split_feature=24 34 34 23 24 24 25 17 0 34 6 34 32 34
split_gain=1191.23 102.553 48.4585 33.836 25.4035 20.8417 13.4025 12.625 8.26545 7.29918 6.19605 4.85402 4.76285 1.27447
threshold=0.057189542800188072 1.0000000180025095e-35 0.18898809701204303 0.45591372251510626 0.22500000149011615 0.031754031777381904 12.500000000000002 0.22259759902954104 0.43657568097114569 0.21825397014617923 0.75000000000000011 0.13961039483547213 0.47142857313156133 0.46410256624221807
decision_type=2 2 2 2 2 2 2 2 2 2 2 2 2 2
left_child=2 4 5 9 8 11 13 -7 -2 -3 -5 -1 -6 -4
right_child=1 3 6 10 12 7 -8 -9 -10 -11 -12 -13 -14 -15
leaf_value=-0.032660136382384262 -0.026411428873435762 -0.0026493841670510517 -0.020814836359747495 0.027402652094821747 0.011977284943958468 -0.019474285468154266 0.030073711278190057 0.019910907446982512 -0.0020434637044126299 0.019046932546698498 0.033774342435575033 -0.010620498762805316 0.02900294430560291 0.010122593381988884
leaf_weight=597.24277547886595 13.253565729595719 34.375612316187471 6.8580314569408083 348.28527728188783 49.85980835580267 71.489520459319465 14.674768595490605 7.3406931753270319 105.33861028193496 22.257533810101449 294.37546214088798 10.349595004925503 21.987016744911671 0.79712000023573626
leaf_count=115572 701 893 1299 1340 621 5978 164 162 3478 223 344 1609 50 22
internal_value=-8.72741e-12 0.0231032 -0.0289944 0.028412 0.003563 -0.0304105 0.0139746 -0.0156033 -0.00496484 0.00606007 0.0303692 -0.0323028 0.0175142 -0.016796
internal_weight=1598.49 889.733 708.753 699.294 190.439 686.423 22.3299 78.8302 118.592 56.6331 642.661 607.592 71.8468 7.65515
internal_count=132456 7650 124806 2800 4850 123321 1485 6140 4179 1116 1684 117181 671 1321
is_linear=0
shrinkage=0.03


end of trees

feature_importances:
Column_24=79
Column_34=72
Column_28=46
Column_23=38
Column_25=33
Column_0=32
Column_32=25
Column_3=19
Column_6=19
Column_36=18
Column_17=15
Column_31=15
Column_35=13
Column_37=11
Column_1=7
Column_18=5
Column_30=5
Column_7=4
Column_4=1
Column_12=1
Column_20=1
Column_26=1

parameters:
[boosting: gbdt]
[objective: lambdarank]
[metric: ndcg]
[tree_learner: serial]
[device_type: cpu]
[data_sample_strategy: bagging]
[data: ]
[valid: ]
[num_iterations: 33]
[learning_rate: 0.03]
[num_leaves: 15]
[num_threads: 8]
[seed: 20260728]
[deterministic: 0]
[force_col_wise: 0]
[force_row_wise: 0]
[histogram_pool_size: -1]
[max_depth: 4]
[min_data_in_leaf: 20]
[min_sum_hessian_in_leaf: 0.001]
[bagging_fraction: 1]
[pos_bagging_fraction: 1]
[neg_bagging_fraction: 1]
[bagging_freq: 0]
[bagging_seed: 21294]
[bagging_by_query: 0]
[feature_fraction: 0.8]
[feature_fraction_bynode: 1]
[feature_fraction_seed: 28724]
[extra_trees: 0]
[extra_seed: 7456]
[early_stopping_round: 0]
[early_stopping_min_delta: 0]
[first_metric_only: 0]
[max_delta_step: 0]
[lambda_l1: 0]
[lambda_l2: 1]
[linear_lambda: 0]
[min_gain_to_split: 0]
[drop_rate: 0.1]
[max_drop: 50]
[skip_drop: 0.5]
[xgboost_dart_mode: 0]
[uniform_drop: 0]
[drop_seed: 739]
[top_rate: 0.2]
[other_rate: 0.1]
[min_data_per_group: 100]
[max_cat_threshold: 32]
[cat_l2: 10]
[cat_smooth: 10]
[max_cat_to_onehot: 4]
[top_k: 20]
[monotone_constraints: ]
[monotone_constraints_method: basic]
[monotone_penalty: 0]
[feature_contri: ]
[forcedsplits_filename: ]
[refit_decay_rate: 0.9]
[cegb_tradeoff: 1]
[cegb_penalty_split: 0]
[cegb_penalty_feature_lazy: ]
[cegb_penalty_feature_coupled: ]
[path_smooth: 0]
[interaction_constraints: ]
[verbosity: -1]
[saved_feature_importance_type: 0]
[use_quantized_grad: 0]
[num_grad_quant_bins: 4]
[quant_train_renew_leaf: 0]
[stochastic_rounding: 1]
[linear_tree: 0]
[max_bin: 255]
[max_bin_by_feature: ]
[min_data_in_bin: 3]
[bin_construct_sample_cnt: 200000]
[data_random_seed: 4459]
[is_enable_sparse: 1]
[enable_bundle: 1]
[use_missing: 1]
[zero_as_missing: 0]
[feature_pre_filter: 1]
[pre_partition: 0]
[two_round: 0]
[header: 0]
[label_column: ]
[weight_column: ]
[group_column: ]
[ignore_column: ]
[categorical_feature: ]
[forcedbins_filename: ]
[precise_float_parser: 0]
[parser_config_file: ]
[objective_seed: 24740]
[num_class: 1]
[is_unbalance: 0]
[scale_pos_weight: 1]
[sigmoid: 1]
[boost_from_average: 1]
[reg_sqrt: 0]
[alpha: 0.9]
[fair_c: 1]
[poisson_max_delta_step: 0.7]
[tweedie_variance_power: 1.5]
[lambdarank_truncation_level: 30]
[lambdarank_norm: 1]
[label_gain: ]
[lambdarank_position_bias_regularization: 0]
[eval_at: 1,2,3,4,5]
[multi_error_top_k: 1]
[auc_mu_weights: ]
[num_machines: 1]
[local_listen_port: 12400]
[time_out: 120]
[machine_list_filename: ]
[machines: ]
[gpu_platform_id: -1]
[gpu_device_id: -1]
[gpu_device_id_list: ]
[gpu_use_dp: 0]
[num_gpu: 1]

end of parameters

pandas_categorical:null
